%% MATPOWER Case Format : Version 2
function mpc = matpower_rural
mpc.version = '2';

%%-----  Power Flow Data  -----%%
%% system MVA base
mpc.baseMVA = 1;
%% bus data
%    bus_i    type    Pd    Qd    Gs    Bs    area    Vm    Va    baseKV    zone    Vmax    Vmin
mpc.bus = [
	1	3	0.0	0.0	0.0	0.0	1	1.0	0.0	132.0	1	1.1	0.9				
	6597	1	0.1	0.03	0.0	0.0	1	1.0	0.0	20.0	1	1.1	0.9				
	6598	1	0.1	0.03	0.0	0.0	1	1.0	0.0	20.0	1	1.1	0.9				
	6599	1	0.1	0.03	0.0	0.0	1	1.0	0.0	20.0	1	1.1	0.9				
	6600	1	0.1	0.03	0.0	0.0	1	1.0	0.0	20.0	1	1.1	0.9				
	6601	1	0.1	0.03	0.0	0.0	1	1.0	0.0	20.0	1	1.1	0.9				
	6602	1	0.1	0.03	0.0	0.0	1	1.0	0.0	20.0	1	1.1	0.9				
	6603	1	0.1	0.03	0.0	0.0	1	1.0	0.0	20.0	1	1.1	0.9				
	6604	1	0.1	0.03	0.0	0.0	1	1.0	0.0	20.0	1	1.1	0.9				
	6605	1	0.1	0.03	0.0	0.0	1	1.0	0.0	20.0	1	1.1	0.9				
	6606	1	0.1	0.03	0.0	0.0	1	1.0	0.0	20.0	1	1.1	0.9				
	6607	1	0.2	0.06	0.0	0.0	1	1.0	0.0	20.0	1	1.1	0.9				
	6608	1	0.2	0.06	0.0	0.0	1	1.0	0.0	20.0	1	1.1	0.9				
	6609	1	0.2	0.06	0.0	0.0	1	1.0	0.0	20.0	1	1.1	0.9				
	6610	1	0.2	0.06	0.0	0.0	1	1.0	0.0	20.0	1	1.1	0.9				
	6611	1	0.2	0.06	0.0	0.0	1	1.0	0.0	20.0	1	1.1	0.9				
	6612	1	0.2	0.06	0.0	0.0	1	1.0	0.0	20.0	1	1.1	0.9				
	6613	1	0.2	0.06	0.0	0.0	1	1.0	0.0	20.0	1	1.1	0.9				
	6614	1	0.2	0.06	0.0	0.0	1	1.0	0.0	20.0	1	1.1	0.9				
	6615	1	0.2	0.06	0.0	0.0	1	1.0	0.0	20.0	1	1.1	0.9				
	6616	1	0.2	0.06	0.0	0.0	1	1.0	0.0	20.0	1	1.1	0.9				
	6769	1	0.1164	0.03492	0.0	0.0	1	1.0	0.0	20.0	1	1.1	0.9				
	6770	1	0.046	0.0138	0.0	0.0	1	1.0	0.0	20.0	1	1.1	0.9				
	6771	1	0.1408	0.04224	0.0	0.0	1	1.0	0.0	20.0	1	1.1	0.9				
	6772	1	0.1236	0.03708	0.0	0.0	1	1.0	0.0	20.0	1	1.1	0.9				
	6773	1	0.0728	0.02184	0.0	0.0	1	1.0	0.0	20.0	1	1.1	0.9				
	6774	1	0.0352	0.01056	0.0	0.0	1	1.0	0.0	20.0	1	1.1	0.9				
	6775	1	0.1024	0.03072	0.0	0.0	1	1.0	0.0	20.0	1	1.1	0.9				
	6776	1	0.07	0.021	0.0	0.0	1	1.0	0.0	20.0	1	1.1	0.9				
	6777	1	0.106	0.0318	0.0	0.0	1	1.0	0.0	20.0	1	1.1	0.9				
	6778	1	0.13	0.039	0.0	0.0	1	1.0	0.0	20.0	1	1.1	0.9				
	6779	1	0.0716	0.02148	0.0	0.0	1	1.0	0.0	20.0	1	1.1	0.9				
	6780	1	0.1232	0.03696	0.0	0.0	1	1.0	0.0	20.0	1	1.1	0.9				
	6781	1	0.0548	0.01644	0.0	0.0	1	1.0	0.0	20.0	1	1.1	0.9				
	6782	1	0.1604	0.04812	0.0	0.0	1	1.0	0.0	20.0	1	1.1	0.9				
	6783	1	0.1024	0.03072	0.0	0.0	1	1.0	0.0	20.0	1	1.1	0.9				
	6784	1	0.26	0.078	0.0	0.0	1	1.0	0.0	20.0	1	1.1	0.9				
	6785	1	0.2432	0.07296	0.0	0.0	1	1.0	0.0	20.0	1	1.1	0.9				
	6786	1	0.0508	0.01524	0.0	0.0	1	1.0	0.0	20.0	1	1.1	0.9				
	6787	1	0.0352	0.01056	0.0	0.0	1	1.0	0.0	20.0	1	1.1	0.9				
	6788	1	0.0568	0.01704	0.0	0.0	1	1.0	0.0	20.0	1	1.1	0.9				
	6789	1	0.1564	0.04692	0.0	0.0	1	1.0	0.0	20.0	1	1.1	0.9				
	6790	1	0.1148	0.03444	0.0	0.0	1	1.0	0.0	20.0	1	1.1	0.9				
	6791	1	0.3312	0.09936	0.0	0.0	1	1.0	0.0	20.0	1	1.1	0.9				
	6792	1	0.1412	0.04236	0.0	0.0	1	1.0	0.0	20.0	1	1.1	0.9				
	6793	1	0.0	0.0	0.0	0.0	1	1.0	0.0	20.0	1	1.1	0.9				
	6794	1	0.3264	0.09792	0.0	0.0	1	1.0	0.0	20.0	1	1.1	0.9				
	6795	1	0.2072	0.06216	0.0	0.0	1	1.0	0.0	20.0	1	1.1	0.9				
	6796	1	0.0996	0.02988	0.0	0.0	1	1.0	0.0	20.0	1	1.1	0.9				
	6797	1	0.0792	0.02376	0.0	0.0	1	1.0	0.0	20.0	1	1.1	0.9				
	6798	1	0.176	0.0528	0.0	0.0	1	1.0	0.0	20.0	1	1.1	0.9				
	6799	1	0.2028	0.06084	0.0	0.0	1	1.0	0.0	20.0	1	1.1	0.9				
	6800	1	0.222	0.0666	0.0	0.0	1	1.0	0.0	20.0	1	1.1	0.9				
	6801	1	0.2784	0.08352	0.0	0.0	1	1.0	0.0	20.0	1	1.1	0.9				
	6802	1	0.2448	0.07344	0.0	0.0	1	1.0	0.0	20.0	1	1.1	0.9				
	6803	1	0.1412	0.04236	0.0	0.0	1	1.0	0.0	20.0	1	1.1	0.9				
	6804	1	0.1344	0.04032	0.0	0.0	1	1.0	0.0	20.0	1	1.1	0.9				
	6805	1	0.062	0.0186	0.0	0.0	1	1.0	0.0	20.0	1	1.1	0.9				
	6806	1	0.1104	0.03312	0.0	0.0	1	1.0	0.0	20.0	1	1.1	0.9				
	6807	1	0.2988	0.08964	0.0	0.0	1	1.0	0.0	20.0	1	1.1	0.9				
	6808	1	0.21	0.063	0.0	0.0	1	1.0	0.0	20.0	1	1.1	0.9				
	6809	1	0.1704	0.05112	0.0	0.0	1	1.0	0.0	20.0	1	1.1	0.9				
	6810	1	0.0424	0.01272	0.0	0.0	1	1.0	0.0	20.0	1	1.1	0.9				
	6811	1	0.248	0.0744	0.0	0.0	1	1.0	0.0	20.0	1	1.1	0.9				
	6812	1	0.122	0.0366	0.0	0.0	1	1.0	0.0	20.0	1	1.1	0.9				
	6813	1	0.162	0.0486	0.0	0.0	1	1.0	0.0	20.0	1	1.1	0.9				
	6814	1	0.2896	0.08688	0.0	0.0	1	1.0	0.0	20.0	1	1.1	0.9				
	6815	1	0.3212	0.09636	0.0	0.0	1	1.0	0.0	20.0	1	1.1	0.9				
	6816	1	0.3072	0.09216	0.0	0.0	1	1.0	0.0	20.0	1	1.1	0.9				
	6817	1	0.206	0.0618	0.0	0.0	1	1.0	0.0	20.0	1	1.1	0.9				
	6818	1	0.3352	0.10056	0.0	0.0	1	1.0	0.0	20.0	1	1.1	0.9				
	6819	1	0.2432	0.07296	0.0	0.0	1	1.0	0.0	20.0	1	1.1	0.9				
	6820	1	0.0732	0.02196	0.0	0.0	1	1.0	0.0	20.0	1	1.1	0.9				
	6821	1	0.3284	0.09852	0.0	0.0	1	1.0	0.0	20.0	1	1.1	0.9				
	6822	1	0.276	0.0828	0.0	0.0	1	1.0	0.0	20.0	1	1.1	0.9				
	6823	1	0.088	0.0264	0.0	0.0	1	1.0	0.0	20.0	1	1.1	0.9				
	6824	1	0.1496	0.04488	0.0	0.0	1	1.0	0.0	20.0	1	1.1	0.9				
	6825	1	0.2312	0.06936	0.0	0.0	1	1.0	0.0	20.0	1	1.1	0.9				
	6826	1	0.1356	0.04068	0.0	0.0	1	1.0	0.0	20.0	1	1.1	0.9				
	6827	1	0.1604	0.04812	0.0	0.0	1	1.0	0.0	20.0	1	1.1	0.9				
	6828	1	0.014	0.0042	0.0	0.0	1	1.0	0.0	20.0	1	1.1	0.9				
	6829	1	0.2816	0.08448	0.0	0.0	1	1.0	0.0	20.0	1	1.1	0.9				
	6830	1	0.3092	0.09276	0.0	0.0	1	1.0	0.0	20.0	1	1.1	0.9				
	6831	1	0.106	0.0318	0.0	0.0	1	1.0	0.0	20.0	1	1.1	0.9				
	6832	1	0.3128	0.09384	0.0	0.0	1	1.0	0.0	20.0	1	1.1	0.9				
	6833	1	0.1772	0.05316	0.0	0.0	1	1.0	0.0	20.0	1	1.1	0.9				
	6834	1	0.108	0.0324	0.0	0.0	1	1.0	0.0	20.0	1	1.1	0.9				
	6835	1	0.2932	0.08796	0.0	0.0	1	1.0	0.0	20.0	1	1.1	0.9				
	6836	1	0.1732	0.05196	0.0	0.0	1	1.0	0.0	20.0	1	1.1	0.9				
	6837	1	0.2804	0.08412	0.0	0.0	1	1.0	0.0	20.0	1	1.1	0.9				
	6838	1	0.3012	0.09036	0.0	0.0	1	1.0	0.0	20.0	1	1.1	0.9				
	6839	1	0.1928	0.05784	0.0	0.0	1	1.0	0.0	20.0	1	1.1	0.9				
	6840	1	0.2148	0.06444	0.0	0.0	1	1.0	0.0	20.0	1	1.1	0.9				
	6841	1	0.1188	0.03564	0.0	0.0	1	1.0	0.0	20.0	1	1.1	0.9				
	6842	1	0.1768	0.05304	0.0	0.0	1	1.0	0.0	20.0	1	1.1	0.9				
	6843	1	0.2036	0.06108	0.0	0.0	1	1.0	0.0	20.0	1	1.1	0.9				
	6844	1	0.1264	0.03792	0.0	0.0	1	1.0	0.0	20.0	1	1.1	0.9				
	6845	1	0.1332	0.03996	0.0	0.0	1	1.0	0.0	20.0	1	1.1	0.9				
	6846	1	0.0716	0.02148	0.0	0.0	1	1.0	0.0	20.0	1	1.1	0.9				
	6847	1	0.1676	0.05028	0.0	0.0	1	1.0	0.0	20.0	1	1.1	0.9				
	6848	1	0.0424	0.01272	0.0	0.0	1	1.0	0.0	20.0	1	1.1	0.9				
	6849	1	0.0496	0.01488	0.0	0.0	1	1.0	0.0	20.0	1	1.1	0.9				
	6850	1	0.0212	0.00636	0.0	0.0	1	1.0	0.0	20.0	1	1.1	0.9				
	6851	1	0.0268	0.00804	0.0	0.0	1	1.0	0.0	20.0	1	1.1	0.9				
	6852	1	0.0872	0.02616	0.0	0.0	1	1.0	0.0	20.0	1	1.1	0.9				
	6853	1	0.112	0.0336	0.0	0.0	1	1.0	0.0	20.0	1	1.1	0.9				
	6854	1	0.0996	0.02988	0.0	0.0	1	1.0	0.0	20.0	1	1.1	0.9				
	6855	1	0.0544	0.01632	0.0	0.0	1	1.0	0.0	20.0	1	1.1	0.9				
	6856	1	0.0664	0.01992	0.0	0.0	1	1.0	0.0	20.0	1	1.1	0.9				
	6857	1	0.0816	0.02448	0.0	0.0	1	1.0	0.0	20.0	1	1.1	0.9				
	6858	1	0.034	0.0102	0.0	0.0	1	1.0	0.0	20.0	1	1.1	0.9				
	6859	1	0.0804	0.02412	0.0	0.0	1	1.0	0.0	20.0	1	1.1	0.9				
	6860	1	0.0928	0.02784	0.0	0.0	1	1.0	0.0	20.0	1	1.1	0.9				
	6861	1	0.1332	0.03996	0.0	0.0	1	1.0	0.0	20.0	1	1.1	0.9				
	6862	1	0.2004	0.06012	0.0	0.0	1	1.0	0.0	20.0	1	1.1	0.9				
	6863	1	0.0908	0.02724	0.0	0.0	1	1.0	0.0	20.0	1	1.1	0.9				
	6864	1	0.138	0.0414	0.0	0.0	1	1.0	0.0	20.0	1	1.1	0.9				
	6865	1	0.2512	0.07536	0.0	0.0	1	1.0	0.0	20.0	1	1.1	0.9				
	6866	1	0.1216	0.03648	0.0	0.0	1	1.0	0.0	20.0	1	1.1	0.9				
	6867	1	0.1668	0.05004	0.0	0.0	1	1.0	0.0	20.0	1	1.1	0.9				
	6868	1	0.2336	0.07008	0.0	0.0	1	1.0	0.0	20.0	1	1.1	0.9				
	6869	1	0.1048	0.03144	0.0	0.0	1	1.0	0.0	20.0	1	1.1	0.9				
	6870	1	0.1528	0.04584	0.0	0.0	1	1.0	0.0	20.0	1	1.1	0.9				
	6871	1	0.3008	0.09024	0.0	0.0	1	1.0	0.0	20.0	1	1.1	0.9				
	6872	1	0.1492	0.04476	0.0	0.0	1	1.0	0.0	20.0	1	1.1	0.9				
	6873	1	0.1992	0.05976	0.0	0.0	1	1.0	0.0	20.0	1	1.1	0.9				
	6874	1	0.326	0.0978	0.0	0.0	1	1.0	0.0	20.0	1	1.1	0.9				
	6875	1	0.3028	0.09084	0.0	0.0	1	1.0	0.0	20.0	1	1.1	0.9				
	6876	1	0.1052	0.03156	0.0	0.0	1	1.0	0.0	20.0	1	1.1	0.9				
	6877	1	0.3336	0.10008	0.0	0.0	1	1.0	0.0	20.0	1	1.1	0.9				
	6878	1	0.2396	0.07188	0.0	0.0	1	1.0	0.0	20.0	1	1.1	0.9				
