%% MATPOWER Case Format : Version 2
function mpc = matpower_urban
mpc.version = '2';

%%-----  Power Flow Data  -----%%
%% system MVA base
mpc.baseMVA = 1;
%% bus data
%    bus_i    type    Pd    Qd    Gs    Bs    area    Vm    Va    baseKV    zone    Vmax    Vmin
mpc.bus = [
	1	3	0.0	0.0	0.0	0.0	1	1.0	0.0	132	1	1.1	0.9				
	2949	1	0.1	0.03	0.0	0.0	1	1.0	0.0	20.0	1	1.1	0.9				
	2950	1	0.1	0.03	0.0	0.0	1	1.0	0.0	20.0	1	1.1	0.9				
	2951	1	0.1	0.03	0.0	0.0	1	1.0	0.0	20.0	1	1.1	0.9				
	2952	1	0.1	0.03	0.0	0.0	1	1.0	0.0	20.0	1	1.1	0.9				
	2953	1	0.1	0.03	0.0	0.0	1	1.0	0.0	20.0	1	1.1	0.9				
	2954	1	0.1	0.03	0.0	0.0	1	1.0	0.0	20.0	1	1.1	0.9				
	2955	1	0.1	0.03	0.0	0.0	1	1.0	0.0	20.0	1	1.1	0.9				
	2956	1	0.1	0.03	0.0	0.0	1	1.0	0.0	20.0	1	1.1	0.9				
	2957	1	0.1	0.03	0.0	0.0	1	1.0	0.0	20.0	1	1.1	0.9				
	2958	1	0.1	0.03	0.0	0.0	1	1.0	0.0	20.0	1	1.1	0.9				
	2959	1	0.1	0.03	0.0	0.0	1	1.0	0.0	20.0	1	1.1	0.9				
	2960	1	0.1	0.03	0.0	0.0	1	1.0	0.0	20.0	1	1.1	0.9				
	2961	1	0.1	0.03	0.0	0.0	1	1.0	0.0	20.0	1	1.1	0.9				
	2962	1	0.1	0.03	0.0	0.0	1	1.0	0.0	20.0	1	1.1	0.9				
	2963	1	0.1	0.03	0.0	0.0	1	1.0	0.0	20.0	1	1.1	0.9				
	2964	1	0.1	0.03	0.0	0.0	1	1.0	0.0	20.0	1	1.1	0.9				
	2965	1	0.1	0.03	0.0	0.0	1	1.0	0.0	20.0	1	1.1	0.9				
	2966	1	0.1	0.03	0.0	0.0	1	1.0	0.0	20.0	1	1.1	0.9				
	2967	1	0.1	0.03	0.0	0.0	1	1.0	0.0	20.0	1	1.1	0.9				
	2968	1	0.2	0.06	0.0	0.0	1	1.0	0.0	20.0	1	1.1	0.9				
	2969	1	0.2	0.06	0.0	0.0	1	1.0	0.0	20.0	1	1.1	0.9				
	2970	1	0.2	0.06	0.0	0.0	1	1.0	0.0	20.0	1	1.1	0.9				
	2971	1	0.2	0.06	0.0	0.0	1	1.0	0.0	20.0	1	1.1	0.9				
	2972	1	0.2	0.06	0.0	0.0	1	1.0	0.0	20.0	1	1.1	0.9				
	2973	1	0.2	0.06	0.0	0.0	1	1.0	0.0	20.0	1	1.1	0.9				
	2974	1	0.2	0.06	0.0	0.0	1	1.0	0.0	20.0	1	1.1	0.9				
	2975	1	0.2	0.06	0.0	0.0	1	1.0	0.0	20.0	1	1.1	0.9				
	2976	1	0.2	0.06	0.0	0.0	1	1.0	0.0	20.0	1	1.1	0.9				
	2977	1	0.2	0.06	0.0	0.0	1	1.0	0.0	20.0	1	1.1	0.9				
	2978	1	0.2	0.06	0.0	0.0	1	1.0	0.0	20.0	1	1.1	0.9				
	2979	1	0.2	0.06	0.0	0.0	1	1.0	0.0	20.0	1	1.1	0.9				
	2980	1	0.2	0.06	0.0	0.0	1	1.0	0.0	20.0	1	1.1	0.9				
	2981	1	0.2	0.06	0.0	0.0	1	1.0	0.0	20.0	1	1.1	0.9				
	2982	1	0.2	0.06	0.0	0.0	1	1.0	0.0	20.0	1	1.1	0.9				
	2983	1	0.2	0.06	0.0	0.0	1	1.0	0.0	20.0	1	1.1	0.9				
	2984	1	0.2	0.06	0.0	0.0	1	1.0	0.0	20.0	1	1.1	0.9				
	2985	1	0.2	0.06	0.0	0.0	1	1.0	0.0	20.0	1	1.1	0.9				
	2986	1	0.2	0.06	0.0	0.0	1	1.0	0.0	20.0	1	1.1	0.9				
	3113	1	0.3616	0.10848	0.0	0.0	1	1.0	0.0	20.0	1	1.1	0.9				
	3114	1	0.2632	0.07896	0.0	0.0	1	1.0	0.0	20.0	1	1.1	0.9				
	3115	1	0.5448	0.16344	0.0	0.0	1	1.0	0.0	20.0	1	1.1	0.9				
	3116	1	0.4744	0.14232	0.0	0.0	1	1.0	0.0	20.0	1	1.1	0.9				
	3117	1	0.1024	0.03072	0.0	0.0	1	1.0	0.0	20.0	1	1.1	0.9				
	3118	1	0.7112	0.21336	0.0	0.0	1	1.0	0.0	20.0	1	1.1	0.9				
	3119	1	0.4648	0.13944	0.0	0.0	1	1.0	0.0	20.0	1	1.1	0.9				
	3120	1	0.496	0.1488	0.0	0.0	1	1.0	0.0	20.0	1	1.1	0.9				
	3121	1	0.2024	0.06072	0.0	0.0	1	1.0	0.0	20.0	1	1.1	0.9				
	3122	1	0.2912	0.08736	0.0	0.0	1	1.0	0.0	20.0	1	1.1	0.9				
	3123	1	0.2496	0.07488	0.0	0.0	1	1.0	0.0	20.0	1	1.1	0.9				
	3124	1	0.3432	0.10296	0.0	0.0	1	1.0	0.0	20.0	1	1.1	0.9				
	3125	1	0.476	0.1428	0.0	0.0	1	1.0	0.0	20.0	1	1.1	0.9				
	3126	1	0.5168	0.15504	0.0	0.0	1	1.0	0.0	20.0	1	1.1	0.9				
	3127	1	0.7944	0.23832	0.0	0.0	1	1.0	0.0	20.0	1	1.1	0.9				
	3128	1	0.8392	0.25176	0.0	0.0	1	1.0	0.0	20.0	1	1.1	0.9				
	3129	1	0.3248	0.09744	0.0	0.0	1	1.0	0.0	20.0	1	1.1	0.9				
	3130	1	0.4048	0.12144	0.0	0.0	1	1.0	0.0	20.0	1	1.1	0.9				
	3131	1	0.7144	0.21432	0.0	0.0	1	1.0	0.0	20.0	1	1.1	0.9				
	3132	1	0.2752	0.08256	0.0	0.0	1	1.0	0.0	20.0	1	1.1	0.9				
	3133	1	0.1944	0.05832	0.0	0.0	1	1.0	0.0	20.0	1	1.1	0.9				
	3134	1	0.6576	0.19728	0.0	0.0	1	1.0	0.0	20.0	1	1.1	0.9				
	3135	1	0.272	0.0816	0.0	0.0	1	1.0	0.0	20.0	1	1.1	0.9				
	3136	1	0.3336	0.10008	0.0	0.0	1	1.0	0.0	20.0	1	1.1	0.9				
	3137	1	0.6488	0.19464	0.0	0.0	1	1.0	0.0	20.0	1	1.1	0.9				
	3138	1	0.252	0.0756	0.0	0.0	1	1.0	0.0	20.0	1	1.1	0.9				
	3139	1	0.2912	0.08736	0.0	0.0	1	1.0	0.0	20.0	1	1.1	0.9				
	3140	1	0.4456	0.13368	0.0	0.0	1	1.0	0.0	20.0	1	1.1	0.9				
	3141	1	0.2248	0.06744	0.0	0.0	1	1.0	0.0	20.0	1	1.1	0.9				
	3142	1	0.42	0.126	0.0	0.0	1	1.0	0.0	20.0	1	1.1	0.9				
	3143	1	0.2704	0.08112	0.0	0.0	1	1.0	0.0	20.0	1	1.1	0.9				
	3144	1	0.2688	0.08064	0.0	0.0	1	1.0	0.0	20.0	1	1.1	0.9				
	3145	1	0.4304	0.12912	0.0	0.0	1	1.0	0.0	20.0	1	1.1	0.9				
	3146	1	0.7128	0.21384	0.0	0.0	1	1.0	0.0	20.0	1	1.1	0.9				
	3147	1	0.2024	0.06072	0.0	0.0	1	1.0	0.0	20.0	1	1.1	0.9				
	3148	1	0.5016	0.15048	0.0	0.0	1	1.0	0.0	20.0	1	1.1	0.9				
	3149	1	0.8408	0.25224	0.0	0.0	1	1.0	0.0	20.0	1	1.1	0.9				
	3150	1	0.3152	0.09456	0.0	0.0	1	1.0	0.0	20.0	1	1.1	0.9				
	3151	1	0.432	0.1296	0.0	0.0	1	1.0	0.0	20.0	1	1.1	0.9				
	3152	1	0.1936	0.05808	0.0	0.0	1	1.0	0.0	20.0	1	1.1	0.9				
	3153	1	0.796	0.2388	0.0	0.0	1	1.0	0.0	20.0	1	1.1	0.9				
	3154	1	0.4664	0.13992	0.0	0.0	1	1.0	0.0	20.0	1	1.1	0.9				
	3155	1	0.2384	0.07152	0.0	0.0	1	1.0	0.0	20.0	1	1.1	0.9				
	3156	1	0.7088	0.21264	0.0	0.0	1	1.0	0.0	20.0	1	1.1	0.9				
	3157	1	0.276	0.0828	0.0	0.0	1	1.0	0.0	20.0	1	1.1	0.9				
	3158	1	0.7104	0.21312	0.0	0.0	1	1.0	0.0	20.0	1	1.1	0.9				
	3159	1	0.212	0.0636	0.0	0.0	1	1.0	0.0	20.0	1	1.1	0.9				
	3160	1	0.0	0.0	0.0	0.0	1	1.0	0.0	20.0	1	1.1	0.9				
	3161	1	0.8296	0.24888	0.0	0.0	1	1.0	0.0	20.0	1	1.1	0.9				
	3162	1	0.3328	0.09984	0.0	0.0	1	1.0	0.0	20.0	1	1.1	0.9				
	3163	1	0.3536	0.10608	0.0	0.0	1	1.0	0.0	20.0	1	1.1	0.9				
	3164	1	0.292	0.0876	0.0	0.0	1	1.0	0.0	20.0	1	1.1	0.9				
	3165	1	0.4312	0.12936	0.0	0.0	1	1.0	0.0	20.0	1	1.1	0.9				
	3166	1	0.7056	0.21168	0.0	0.0	1	1.0	0.0	20.0	1	1.1	0.9				
	3167	1	0.6288	0.18864	0.0	0.0	1	1.0	0.0	20.0	1	1.1	0.9				
	3168	1	0.5776	0.17328	0.0	0.0	1	1.0	0.0	20.0	1	1.1	0.9				
	3169	1	0.5016	0.15048	0.0	0.0	1	1.0	0.0	20.0	1	1.1	0.9				
	3170	1	0.4048	0.12144	0.0	0.0	1	1.0	0.0	20.0	1	1.1	0.9				
	3171	1	0.4912	0.14736	0.0	0.0	1	1.0	0.0	20.0	1	1.1	0.9				
	3172	1	0.5048	0.15144	0.0	0.0	1	1.0	0.0	20.0	1	1.1	0.9				
	3173	1	0.4448	0.13344	0.0	0.0	1	1.0	0.0	20.0	1	1.1	0.9				
	3174	1	0.456	0.1368	0.0	0.0	1	1.0	0.0	20.0	1	1.1	0.9				
	3175	1	0.2528	0.07584	0.0	0.0	1	1.0	0.0	20.0	1	1.1	0.9				
	3176	1	0.4176	0.12528	0.0	0.0	1	1.0	0.0	20.0	1	1.1	0.9				
	3177	1	0.3848	0.11544	0.0	0.0	1	1.0	0.0	20.0	1	1.1	0.9				
	3178	1	0.4144	0.12432	0.0	0.0	1	1.0	0.0	20.0	1	1.1	0.9				
	3179	1	0.7104	0.21312	0.0	0.0	1	1.0	0.0	20.0	1	1.1	0.9				
	3180	1	0.2688	0.08064	0.0	0.0	1	1.0	0.0	20.0	1	1.1	0.9				
	3181	1	0.5096	0.15288	0.0	0.0	1	1.0	0.0	20.0	1	1.1	0.9				
	3182	1	0.6912	0.20736	0.0	0.0	1	1.0	0.0	20.0	1	1.1	0.9				
	3183	1	0.4	0.12	0.0	0.0	1	1.0	0.0	20.0	1	1.1	0.9				
	3184	1	0.4416	0.13248	0.0	0.0	1	1.0	0.0	20.0	1	1.1	0.9				
	3185	1	0.2576	0.07728	0.0	0.0	1	1.0	0.0	20.0	1	1.1	0.9				
	3186	1	0.7416	0.22248	0.0	0.0	1	1.0	0.0	20.0	1	1.1	0.9				
	3187	1	0.1752	0.05256	0.0	0.0	1	1.0	0.0	20.0	1	1.1	0.9				
	3188	1	0.1832	0.05496	0.0	0.0	1	1.0	0.0	20.0	1	1.1	0.9				
	3189	1	0.4544	0.13632	0.0	0.0	1	1.0	0.0	20.0	1	1.1	0.9				
	3190	1	0.2512	0.07536	0.0	0.0	1	1.0	0.0	20.0	1	1.1	0.9				
	3191	1	0.5152	0.15456	0.0	0.0	1	1.0	0.0	20.0	1	1.1	0.9				
	3192	1	0.5824	0.17472	0.0	0.0	1	1.0	0.0	20.0	1	1.1	0.9				
	3193	1	0.7792	0.23376	0.0	0.0	1	1.0	0.0	20.0	1	1.1	0.9				
	3194	1	0.6304	0.18912	0.0	0.0	1	1.0	0.0	20.0	1	1.1	0.9				
	3195	1	0.8208	0.24624	0.0	0.0	1	1.0	0.0	20.0	1	1.1	0.9				
	3196	1	0.4424	0.13272	0.0	0.0	1	1.0	0.0	20.0	1	1.1	0.9				
	3197	1	0.1952	0.05856	0.0	0.0	1	1.0	0.0	20.0	1	1.1	0.9				
	3198	1	0.5368	0.16104	0.0	0.0	1	1.0	0.0	20.0	1	1.1	0.9				
	3199	1	0.3496	0.10488	0.0	0.0	1	1.0	0.0	20.0	1	1.1	0.9				
	3200	1	0.7352	0.22056	0.0	0.0	1	1.0	0.0	20.0	1	1.1	0.9				
	3201	1	0.304	0.0912	0.0	0.0	1	1.0	0.0	20.0	1	1.1	0.9				
	3202	1	0.2904	0.08712	0.0	0.0	1	1.0	0.0	20.0	1	1.1	0.9				
	3203	1	0.5152	0.15456	0.0	0.0	1	1.0	0.0	20.0	1	1.1	0.9				
	3204	1	0.8432	0.25296	0.0	0.0	1	1.0	0.0	20.0	1	1.1	0.9				
	3205	1	0.124	0.0372	0.0	0.0	1	1.0	0.0	20.0	1	1.1	0.9				
	3206	1	0.316	0.0948	0.0	0.0	1	1.0	0.0	20.0	1	1.1	0.9				
