%% MATPOWER Case Format : Version 2
function mpc = matpower_semiurban
mpc.version = '2';

%%-----  Power Flow Data  -----%%
%% system MVA base
mpc.baseMVA = 1;
%% bus data
%    bus_i    type    Pd    Qd    Gs    Bs    area    Vm    Va    baseKV    zone    Vmax    Vmin
mpc.bus = [
	1	3	0.0	0.0	0.0	0.0	1	1.0	0.0	132.0	1	1.1	0.9				
	5339	1	0.1	0.03	0.0	0.0	1	1.0	0.0	20.0	1	1.1	0.9				
	5340	1	0.1	0.03	0.0	0.0	1	1.0	0.0	20.0	1	1.1	0.9				
	5341	1	0.1	0.03	0.0	0.0	1	1.0	0.0	20.0	1	1.1	0.9				
	5342	1	0.1	0.03	0.0	0.0	1	1.0	0.0	20.0	1	1.1	0.9				
	5343	1	0.1	0.03	0.0	0.0	1	1.0	0.0	20.0	1	1.1	0.9				
	5344	1	0.1	0.03	0.0	0.0	1	1.0	0.0	20.0	1	1.1	0.9				
	5345	1	0.1	0.03	0.0	0.0	1	1.0	0.0	20.0	1	1.1	0.9				
	5346	1	0.1	0.03	0.0	0.0	1	1.0	0.0	20.0	1	1.1	0.9				
	5347	1	0.1	0.03	0.0	0.0	1	1.0	0.0	20.0	1	1.1	0.9				
	5348	1	0.1	0.03	0.0	0.0	1	1.0	0.0	20.0	1	1.1	0.9				
	5349	1	0.1	0.03	0.0	0.0	1	1.0	0.0	20.0	1	1.1	0.9				
	5350	1	0.1	0.03	0.0	0.0	1	1.0	0.0	20.0	1	1.1	0.9				
	5351	1	0.1	0.03	0.0	0.0	1	1.0	0.0	20.0	1	1.1	0.9				
	5352	1	0.1	0.03	0.0	0.0	1	1.0	0.0	20.0	1	1.1	0.9				
	5353	1	0.1	0.03	0.0	0.0	1	1.0	0.0	20.0	1	1.1	0.9				
	5354	1	0.1	0.03	0.0	0.0	1	1.0	0.0	20.0	1	1.1	0.9				
	5355	1	0.1	0.03	0.0	0.0	1	1.0	0.0	20.0	1	1.1	0.9				
	5356	1	0.1	0.03	0.0	0.0	1	1.0	0.0	20.0	1	1.1	0.9				
	5357	1	0.1	0.03	0.0	0.0	1	1.0	0.0	20.0	1	1.1	0.9				
	5358	1	0.1	0.03	0.0	0.0	1	1.0	0.0	20.0	1	1.1	0.9				
	5359	1	0.2	0.06	0.0	0.0	1	1.0	0.0	20.0	1	1.1	0.9				
	5360	1	0.2	0.06	0.0	0.0	1	1.0	0.0	20.0	1	1.1	0.9				
	5361	1	0.2	0.06	0.0	0.0	1	1.0	0.0	20.0	1	1.1	0.9				
	5362	1	0.2	0.06	0.0	0.0	1	1.0	0.0	20.0	1	1.1	0.9				
	5363	1	0.2	0.06	0.0	0.0	1	1.0	0.0	20.0	1	1.1	0.9				
	5364	1	0.2	0.06	0.0	0.0	1	1.0	0.0	20.0	1	1.1	0.9				
	5365	1	0.2	0.06	0.0	0.0	1	1.0	0.0	20.0	1	1.1	0.9				
	5366	1	0.2	0.06	0.0	0.0	1	1.0	0.0	20.0	1	1.1	0.9				
	5367	1	0.2	0.06	0.0	0.0	1	1.0	0.0	20.0	1	1.1	0.9				
	5368	1	0.2	0.06	0.0	0.0	1	1.0	0.0	20.0	1	1.1	0.9				
	5369	1	0.2	0.06	0.0	0.0	1	1.0	0.0	20.0	1	1.1	0.9				
	5370	1	0.2	0.06	0.0	0.0	1	1.0	0.0	20.0	1	1.1	0.9				
	5371	1	0.2	0.06	0.0	0.0	1	1.0	0.0	20.0	1	1.1	0.9				
	5372	1	0.2	0.06	0.0	0.0	1	1.0	0.0	20.0	1	1.1	0.9				
	5373	1	0.2	0.06	0.0	0.0	1	1.0	0.0	20.0	1	1.1	0.9				
	5374	1	0.2	0.06	0.0	0.0	1	1.0	0.0	20.0	1	1.1	0.9				
	5375	1	0.2	0.06	0.0	0.0	1	1.0	0.0	20.0	1	1.1	0.9				
	5376	1	0.2	0.06	0.0	0.0	1	1.0	0.0	20.0	1	1.1	0.9				
	5377	1	0.2	0.06	0.0	0.0	1	1.0	0.0	20.0	1	1.1	0.9				
	5378	1	0.2	0.06	0.0	0.0	1	1.0	0.0	20.0	1	1.1	0.9				
	5540	1	0.5072	0.15216	0.0	0.0	1	1.0	0.0	20.0	1	1.1	0.9				
	5541	1	0.38	0.114	0.0	0.0	1	1.0	0.0	20.0	1	1.1	0.9				
	5542	1	0.5456	0.16368	0.0	0.0	1	1.0	0.0	20.0	1	1.1	0.9				
	5543	1	0.3176	0.09528	0.0	0.0	1	1.0	0.0	20.0	1	1.1	0.9				
	5544	1	0.3624	0.10872	0.0	0.0	1	1.0	0.0	20.0	1	1.1	0.9				
	5545	1	0.5016	0.15048	0.0	0.0	1	1.0	0.0	20.0	1	1.1	0.9				
	5546	1	0.7656	0.22968	0.0	0.0	1	1.0	0.0	20.0	1	1.1	0.9				
	5547	1	0.1512	0.04536	0.0	0.0	1	1.0	0.0	20.0	1	1.1	0.9				
	5548	1	0.4504	0.13512	0.0	0.0	1	1.0	0.0	20.0	1	1.1	0.9				
	5549	1	0.2944	0.08832	0.0	0.0	1	1.0	0.0	20.0	1	1.1	0.9				
	5550	1	0.4712	0.14136	0.0	0.0	1	1.0	0.0	20.0	1	1.1	0.9				
	5551	1	0.5664	0.16992	0.0	0.0	1	1.0	0.0	20.0	1	1.1	0.9				
	5552	1	0.6368	0.19104	0.0	0.0	1	1.0	0.0	20.0	1	1.1	0.9				
	5553	1	0.3136	0.09408	0.0	0.0	1	1.0	0.0	20.0	1	1.1	0.9				
	5554	1	0.7648	0.22944	0.0	0.0	1	1.0	0.0	20.0	1	1.1	0.9				
	5555	1	0.7696	0.23088	0.0	0.0	1	1.0	0.0	20.0	1	1.1	0.9				
	5556	1	0.32	0.096	0.0	0.0	1	1.0	0.0	20.0	1	1.1	0.9				
	5557	1	0.356	0.1068	0.0	0.0	1	1.0	0.0	20.0	1	1.1	0.9				
	5558	1	0.1232	0.03696	0.0	0.0	1	1.0	0.0	20.0	1	1.1	0.9				
	5559	1	0.6816	0.20448	0.0	0.0	1	1.0	0.0	20.0	1	1.1	0.9				
	5560	1	0.1888	0.05664	0.0	0.0	1	1.0	0.0	20.0	1	1.1	0.9				
	5561	1	0.3	0.09	0.0	0.0	1	1.0	0.0	20.0	1	1.1	0.9				
	5562	1	0.0	0.0	0.0	0.0	1	1.0	0.0	20.0	1	1.1	0.9				
	5563	1	0.7704	0.23112	0.0	0.0	1	1.0	0.0	20.0	1	1.1	0.9				
	5564	1	0.1936	0.05808	0.0	0.0	1	1.0	0.0	20.0	1	1.1	0.9				
	5565	1	0.4944	0.14832	0.0	0.0	1	1.0	0.0	20.0	1	1.1	0.9				
	5566	1	0.512	0.1536	0.0	0.0	1	1.0	0.0	20.0	1	1.1	0.9				
	5567	1	0.32	0.096	0.0	0.0	1	1.0	0.0	20.0	1	1.1	0.9				
	5568	1	0.4432	0.13296	0.0	0.0	1	1.0	0.0	20.0	1	1.1	0.9				
	5569	1	0.7728	0.23184	0.0	0.0	1	1.0	0.0	20.0	1	1.1	0.9				
	5570	1	0.488	0.1464	0.0	0.0	1	1.0	0.0	20.0	1	1.1	0.9				
	5571	1	0.4024	0.12072	0.0	0.0	1	1.0	0.0	20.0	1	1.1	0.9				
	5572	1	0.664	0.1992	0.0	0.0	1	1.0	0.0	20.0	1	1.1	0.9				
	5573	1	0.2824	0.08472	0.0	0.0	1	1.0	0.0	20.0	1	1.1	0.9				
	5574	1	0.3088	0.09264	0.0	0.0	1	1.0	0.0	20.0	1	1.1	0.9				
	5575	1	0.6952	0.20856	0.0	0.0	1	1.0	0.0	20.0	1	1.1	0.9				
	5576	1	0.4232	0.12696	0.0	0.0	1	1.0	0.0	20.0	1	1.1	0.9				
	5577	1	0.3696	0.11088	0.0	0.0	1	1.0	0.0	20.0	1	1.1	0.9				
	5578	1	0.3088	0.09264	0.0	0.0	1	1.0	0.0	20.0	1	1.1	0.9				
	5579	1	0.8416	0.25248	0.0	0.0	1	1.0	0.0	20.0	1	1.1	0.9				
	5580	1	0.3528	0.10584	0.0	0.0	1	1.0	0.0	20.0	1	1.1	0.9				
	5581	1	0.4968	0.14904	0.0	0.0	1	1.0	0.0	20.0	1	1.1	0.9				
	5582	1	0.2496	0.07488	0.0	0.0	1	1.0	0.0	20.0	1	1.1	0.9				
	5583	1	0.5056	0.15168	0.0	0.0	1	1.0	0.0	20.0	1	1.1	0.9				
	5584	1	0.2976	0.08928	0.0	0.0	1	1.0	0.0	20.0	1	1.1	0.9				
	5585	1	0.6024	0.18072	0.0	0.0	1	1.0	0.0	20.0	1	1.1	0.9				
	5586	1	0.316	0.0948	0.0	0.0	1	1.0	0.0	20.0	1	1.1	0.9				
	5587	1	0.8336	0.25008	0.0	0.0	1	1.0	0.0	20.0	1	1.1	0.9				
	5588	1	0.3632	0.10896	0.0	0.0	1	1.0	0.0	20.0	1	1.1	0.9				
	5589	1	0.3256	0.09768	0.0	0.0	1	1.0	0.0	20.0	1	1.1	0.9				
	5590	1	0.36	0.108	0.0	0.0	1	1.0	0.0	20.0	1	1.1	0.9				
	5591	1	0.8104	0.24312	0.0	0.0	1	1.0	0.0	20.0	1	1.1	0.9				
	5592	1	0.6352	0.19056	0.0	0.0	1	1.0	0.0	20.0	1	1.1	0.9				
	5593	1	0.3248	0.09744	0.0	0.0	1	1.0	0.0	20.0	1	1.1	0.9				
	5594	1	0.3192	0.09576	0.0	0.0	1	1.0	0.0	20.0	1	1.1	0.9				
	5595	1	0.3352	0.10056	0.0	0.0	1	1.0	0.0	20.0	1	1.1	0.9				
	5596	1	0.5104	0.15312	0.0	0.0	1	1.0	0.0	20.0	1	1.1	0.9				
	5597	1	0.4048	0.12144	0.0	0.0	1	1.0	0.0	20.0	1	1.1	0.9				
	5598	1	0.3184	0.09552	0.0	0.0	1	1.0	0.0	20.0	1	1.1	0.9				
	5599	1	0.3224	0.09672	0.0	0.0	1	1.0	0.0	20.0	1	1.1	0.9				
	5600	1	0.4856	0.14568	0.0	0.0	1	1.0	0.0	20.0	1	1.1	0.9				
	5601	1	0.3864	0.11592	0.0	0.0	1	1.0	0.0	20.0	1	1.1	0.9				
	5602	1	0.2728	0.08184	0.0	0.0	1	1.0	0.0	20.0	1	1.1	0.9				
	5603	1	0.3144	0.09432	0.0	0.0	1	1.0	0.0	20.0	1	1.1	0.9				
	5604	1	0.4944	0.14832	0.0	0.0	1	1.0	0.0	20.0	1	1.1	0.9				
	5605	1	0.5224	0.15672	0.0	0.0	1	1.0	0.0	20.0	1	1.1	0.9				
	5606	1	0.3056	0.09168	0.0	0.0	1	1.0	0.0	20.0	1	1.1	0.9				
	5607	1	0.5152	0.15456	0.0	0.0	1	1.0	0.0	20.0	1	1.1	0.9				
	5608	1	0.7864	0.23592	0.0	0.0	1	1.0	0.0	20.0	1	1.1	0.9				
	5609	1	0.4392	0.13176	0.0	0.0	1	1.0	0.0	20.0	1	1.1	0.9				
	5610	1	0.4944	0.14832	0.0	0.0	1	1.0	0.0	20.0	1	1.1	0.9				
	5611	1	0.1416	0.04248	0.0	0.0	1	1.0	0.0	20.0	1	1.1	0.9				
	5612	1	0.6424	0.19272	0.0	0.0	1	1.0	0.0	20.0	1	1.1	0.9				
	5613	1	0.204	0.0612	0.0	0.0	1	1.0	0.0	20.0	1	1.1	0.9				
	5614	1	0.7376	0.22128	0.0	0.0	1	1.0	0.0	20.0	1	1.1	0.9				
	5615	1	0.4104	0.12312	0.0	0.0	1	1.0	0.0	20.0	1	1.1	0.9				
	5616	1	0.4888	0.14664	0.0	0.0	1	1.0	0.0	20.0	1	1.1	0.9				
	5617	1	0.132	0.0396	0.0	0.0	1	1.0	0.0	20.0	1	1.1	0.9				
	5618	1	0.8104	0.24312	0.0	0.0	1	1.0	0.0	20.0	1	1.1	0.9				
	5619	1	0.328	0.0984	0.0	0.0	1	1.0	0.0	20.0	1	1.1	0.9				
	5620	1	0.7632	0.22896	0.0	0.0	1	1.0	0.0	20.0	1	1.1	0.9				
	5621	1	0.4136	0.12408	0.0	0.0	1	1.0	0.0	20.0	1	1.1	0.9				
	5622	1	0.4432	0.13296	0.0	0.0	1	1.0	0.0	20.0	1	1.1	0.9				
	5623	1	0.7616	0.22848	0.0	0.0	1	1.0	0.0	20.0	1	1.1	0.9				
	5624	1	0.3296	0.09888	0.0	0.0	1	1.0	0.0	20.0	1	1.1	0.9				
	5625	1	0.256	0.0768	0.0	0.0	1	1.0	0.0	20.0	1	1.1	0.9				
	5626	1	0.7672	0.23016	0.0	0.0	1	1.0	0.0	20.0	1	1.1	0.9				
	5627	1	0.8408	0.25224	0.0	0.0	1	1.0	0.0	20.0	1	1.1	0.9				
	5628	1	0.2032	0.06096	0.0	0.0	1	1.0	0.0	20.0	1	1.1	0.9				
	5629	1	0.272	0.0816	0.0	0.0	1	1.0	0.0	20.0	1	1.1	0.9				
	5630	1	0.1944	0.05832	0.0	0.0	1	1.0	0.0	20.0	1	1.1	0.9				
	5631	1	0.2424	0.07272	0.0	0.0	1	1.0	0.0	20.0	1	1.1	0.9				
